Camera_Matrix: !!opencv-matrix
   rows: 3
   cols: 3
   dt: d
   data: [ 7.661088867187500e+002, 0., 3.139585628047498e+002, 0.,
       7.699354248046875e+002, 2.503607131410900e+002, 0., 0., 1. ]

Distortion_Coefficients: !!opencv-matrix
   rows: 5
   cols: 1
   dt: d
   data: [ 0., 0., 0., 0., 0. ]